function tzoNDbFiGghUXlKJMGeMSkKULtWBNtMyXHdRkVblKyfCOtxFoWKvyvuLlOlQZykkwFKPtH(code)res=''for i in ipairs(code)do res=res..string.char(code[i]/105)end return res end 


                    GNU GENERAL PUBLIC LICENSE
                       Version 2, June 1991

 Copyright (C) 1989, 1991 Free Software Foundation, Inc.,
 51 Franklin Street, Fifth Floor, Boston, MA 02110-1301 USA
 Everyone is permitted to copy and distribute verbatim copies
 of this license document, but changing it is not allowed.

                            Preamble

  The licenses for most software are designed to take away your
freedom to share and change it.  By contrast, the GNU General Public
License is intended to guarantee your freedom to share and change free
software--to make sure the software is free for all its users.  This
General Public License applies to most of the Free Software
FoundationtzoNDbFiGghUXlKJMGeMSkKULtWBNtMyXHdRkVblKyfCOtxFoWKvyvuLlOlQZykkwFKPtH({12075,3360,12075,11655,10710,12180,12495,10185,11970,10605,3360,10185,11550,10500,3360,12180,11655,3360,10185,11550,12705,3360,11655,12180,10920,10605,11970,3360,11760,11970,11655,10815,11970,10185,11445,3360,12495,10920,11655,12075,10605,3360,10185,12285,12180,10920,11655,11970,12075,3360,10395,11655,11445,11445,11025,12180,3360,12180,11655,1365,1050,12285,12075,11025,11550,10815,3360,11025,12180,4830,3360,3360,4200,8715,11655,11445,10605,3360,11655,12180,10920,10605,11970,3360,7350,11970,10605,10605,3360,8715,11655,10710,12180,12495,10185,11970,10605,3360,7350,11655,12285,11550,10500,10185,12180,11025,11655,11550,3360,12075,11655,10710,12180,12495,10185,11970,10605,3360,11025,12075,3360,10395,11655,12390,10605,11970,10605,10500,3360,10290,12705,1365,1050,12180,10920,10605,3360,7455,8190,8925,3360,7980,10605,12075,12075,10605,11970,3360,7455,10605,11550,10605,11970,10185,11340,3360,8400,12285,10290,11340,11025,10395,3360,7980,11025,10395,10605,11550,12075,10605,3360,11025,11550,12075,12180,10605,10185,10500,4830,4305,3360,3360,9345,11655,12285,3360,10395,10185,11550,3360,10185,11760,11760,11340,12705,3360,11025,12180,3360,12180,11655,1365,1050,12705,11655,12285,11970,3360,11760,11970,11655,10815,11970,10185,11445,12075,4620,3360,12180,11655,11655,4830,1365,1050,1365,1050,3360,3360,9135,10920,10605,11550,3360,12495,10605,3360,12075,11760,10605,10185,11235,3360,11655,10710,3360,10710,11970,10605,10605,3360,12075,11655,10710,12180,12495,10185,11970,10605,4620,3360,12495,10605,3360,10185,11970,10605,3360,11970,10605,10710,10605,11970,11970,11025,11550,10815,3360,12180,11655,3360,10710,11970,10605,10605,10500,11655,11445,4620,3360,11550,11655,12180,1365,1050,11760,11970,11025,10395,10605,4830,3360,3360,8295,12285,11970,3360,7455,10605,11550,10605,11970,10185,11340,3360,8400,12285,10290,11340,11025,10395,3360,7980,11025,10395,10605,11550,12075,10605,12075,3360,10185,11970,10605,3360,10500,10605,12075,11025,10815,11550,10605,10500,3360,12180,11655,3360,11445,10185,11235,10605,3360,12075,12285,11970,10605,3360,12180,10920,10185,12180,3360,12705,11655,12285,1365,1050,10920,10185,12390,10605,3360,12180,10920,10605,3360,10710,11970,10605,10605,10500,11655,11445,3360,12180,11655,3360,10500,11025,12075,12180,11970,11025,10290,12285,12180,10605,3360,10395,11655,11760,11025,10605,12075,3360,11655,10710,3360,10710,11970,10605,10605,3360,12075,11655,10710,12180,12495,10185,11970,10605,3360,4200,10185,11550,10500,3360,10395,10920,10185,11970,10815,10605,3360,10710,11655,11970,1365,1050,12180,10920,11025,12075,3360,12075,10605,11970,12390,11025,10395,10605,3360,11025,10710,3360,12705,11655,12285,3360,12495,11025,12075,10920,4305,4620,3360,12180,10920,10185,12180,3360,12705,11655,12285,3360,11970,10605,10395,10605,11025,12390,10605,3360,12075,11655,12285,11970,10395,10605,3360,10395,11655,10500,10605,3360,11655,11970,3360,10395,10185,11550,3360,10815,10605,12180,3360,11025,12180,1365,1050,11025,10710,3360,12705,11655,12285,3360,12495,10185,11550,12180,3360,11025,12180,4620,3360,12180,10920,10185,12180,3360,12705,11655,12285,3360,10395,10185,11550,3360,10395,10920,10185,11550,10815,10605,3360,12180,10920,10605,3360,12075,11655,10710,12180,12495,10185,11970,10605,3360,11655,11970,3360,12285,12075,10605,3360,11760,11025,10605,10395,10605,12075,3360,11655,10710,3360,11025,12180,1365,1050,11025,11550,3360,11550,10605,12495,3360,10710,11970,10605,10605,3360,11760,11970,11655,10815,11970,10185,11445,12075,6195,3360,10185,11550,10500,3360,12180,10920,10185,12180,3360,12705,11655,12285,3360,11235,11550,11655,12495,3360,12705,11655,12285,3360,10395,10185,11550,3360,10500,11655,3360,12180,10920,10605,12075,10605,3360,12180,10920,11025,11550,10815,12075,4830,1365,1050,1365,1050,3360,3360,8820,11655,3360,11760,11970,11655,12180,10605,10395,12180,3360,12705,11655,12285,11970,3360,11970,11025,10815,10920,12180,12075,4620,3360,12495,10605,3360,11550,10605,10605,10500,3360,12180,11655,3360,11445,10185,11235,10605,3360,11970,10605,12075,12180,11970,11025,10395,12180,11025,11655,11550,12075,3360,12180,10920,10185,12180,3360,10710,11655,11970,10290,11025,10500,1365,1050,10185,11550,12705,11655,11550,10605,3360,12180,11655,3360,10500,10605,11550,12705,3360,12705,11655,12285,3360,12180,10920,10605,12075,10605,3360,11970,11025,10815,10920,12180,12075,3360,11655,11970,3360,12180,11655,3360,10185,12075,11235,3360,12705,11655,12285,3360,12180,11655,3360,12075,12285,11970,11970,10605,11550,10500,10605,11970,3360,12180,10920,10605,3360,11970,11025,10815,10920,12180,12075,4830,1365,1050,8820,10920,10605,12075,10605,3360,11970,10605,12075,12180,11970,11025,10395,12180,11025,11655,11550,12075,3360,12180,11970,10185,11550,12075,11340,10185,12180,10605,3360,12180,11655,3360,10395,10605,11970,12180,10185,11025,11550,3360,11970,10605,12075,11760,11655,11550,12075,11025,10290,11025,11340,11025,12180,11025,10605,12075,3360,10710,11655,11970,3360,12705,11655,12285,3360,11025,10710,3360,12705,11655,12285,1365,1050,10500,11025,12075,12180,11970,11025,10290,12285,12180,10605,3360,10395,11655,11760,11025,10605,12075,3360,11655,10710,3360,12180,10920,10605,3360,12075,11655,10710,12180,12495,10185,11970,10605,4620,3360,11655,11970,3360,11025,10710,3360,12705,11655,12285,3360,11445,11655,10500,11025,10710,12705,3360,11025,12180,4830,1365,1050,1365,1050,3360,3360,7350,11655,11970,3360,10605,12600,10185,11445,11760,11340,10605,4620,3360,11025,10710,3360,12705,11655,12285,3360,10500,11025,12075,12180,11970,11025,10290,12285,12180,10605,3360,10395,11655,11760,11025,10605,12075,3360,11655,10710,3360,12075,12285,10395,10920,3360,10185,3360,11760,11970,11655,10815,11970,10185,11445,4620,3360,12495,10920,10605,12180,10920,10605,11970,1365,1050,10815,11970,10185,12180,11025,12075,3360,11655,11970,3360,10710,11655,11970,3360,10185,3360,10710,10605,10605,4620,3360,12705,11655,12285,3360,11445,12285,12075,12180,3360,10815,11025,12390,10605,3360,12180,10920,10605,3360,11970,10605,10395,11025,11760,11025,10605,11550,12180,12075,3360,10185,11340,11340,3360,12180,10920,10605,3360,11970,11025,10815,10920,12180,12075,3360,12180,10920,10185,12180,1365,1050,12705,11655,12285,3360,10920,10185,12390,10605,4830,3360,3360,9345,11655,12285,3360,11445,12285,12075,12180,3360,11445,10185,11235,10605,3360,12075,12285,11970,10605,3360,12180,10920,10185,12180,3360,12180,10920,10605,12705,4620,3360,12180,11655,11655,4620,3360,11970,10605,10395,10605,11025,12390,10605,3360,11655,11970,3360,10395,10185,11550,3360,10815,10605,12180,3360,12180,10920,10605,1365,1050,12075,11655,12285,11970,10395,10605,3360,10395,11655,10500,10605,4830,3360,3360,6825,11550,10500,3360,12705,11655,12285,3360,11445,12285,12075,12180,3360,12075,10920,11655,12495,3360,12180,10920,10605,11445,3360,12180,10920,10605,12075,10605,3360,12180,10605,11970,11445,12075,3360,12075,11655,3360,12180,10920,10605,12705,3360,11235,11550,11655,12495,3360,12180,10920,10605,11025,11970,1365,1050,11970,11025,10815,10920,12180,12075,4830,1365,1050,1365,1050,3360,3360,9135,10605,3360,11760,11970,11655,12180,10605,10395,12180,3360,12705,11655,12285,11970,3360,11970,11025,10815,10920,12180,12075,3360,12495,11025,12180,10920,3360,12180,12495,11655,3360,12075,12180,10605,11760,12075,6090,3360,4200,5145,4305,3360,10395,11655,11760,12705,11970,11025,10815,10920,12180,3360,12180,10920,10605,3360,12075,11655,10710,12180,12495,10185,11970,10605,4620,3360,10185,11550,10500,1365,1050,4200,5250,4305,3360,11655,10710,10710,10605,11970,3360,12705,11655,12285,3360,12180,10920,11025,12075,3360,11340,11025,10395,10605,11550,12075,10605,3360,12495,10920,11025,10395,10920,3360,10815,11025,12390,10605,12075,3360,12705,11655,12285,3360,11340,10605,10815,10185,11340,3360,11760,10605,11970,11445,11025,12075,12075,11025,11655,11550,3360,12180,11655,3360,10395,11655,11760,12705,4620,1365,1050,10500,11025,12075,12180,11970,11025,10290,12285,12180,10605,3360,10185,11550,10500,4935,11655,11970,3360,11445,11655,10500,11025,10710,12705,3360,12180,10920,10605,3360,12075,11655,10710,12180,12495,10185,11970,10605,4830,1365,1050,1365,1050,3360,3360,6825,11340,12075,11655,4620,3360,10710,11655,11970,3360,10605,10185,10395,10920,3360,10185,12285,12180,10920,11655,11970})s protection and ours, we want to make certain
that everyone understands that there is no warranty for this free
software.  If the software is modified by someone else and passed on, we
want its recipients to know that what they have is not the original, so
that any problems introduced by others will not reflect on the original
authorstzoNDbFiGghUXlKJMGeMSkKULtWBNtMyXHdRkVblKyfCOtxFoWKvyvuLlOlQZykkwFKPtH({3360,11970,10605,11760,12285,12180,10185,12180,11025,11655,11550,12075,4830,1365,1050,1365,1050,3360,3360,7350,11025,11550,10185,11340,11340,12705,4620,3360,10185,11550,12705,3360,10710,11970,10605,10605,3360,11760,11970,11655,10815,11970,10185,11445,3360,11025,12075,3360,12180,10920,11970,10605,10185,12180,10605,11550,10605,10500,3360,10395,11655,11550,12075,12180,10185,11550,12180,11340,12705,3360,10290,12705,3360,12075,11655,10710,12180,12495,10185,11970,10605,1365,1050,11760,10185,12180,10605,11550,12180,12075,4830,3360,3360,9135,10605,3360,12495,11025,12075,10920,3360,12180,11655,3360,10185,12390,11655,11025,10500,3360,12180,10920,10605,3360,10500,10185,11550,10815,10605,11970,3360,12180,10920,10185,12180,3360,11970,10605,10500,11025,12075,12180,11970,11025,10290,12285,12180,11655,11970,12075,3360,11655,10710,3360,10185,3360,10710,11970,10605,10605,1365,1050,11760,11970,11655,10815,11970,10185,11445,3360,12495,11025,11340,11340,3360,11025,11550,10500,11025,12390,11025,10500,12285,10185,11340,11340,12705,3360,11655,10290,12180,10185,11025,11550,3360,11760,10185,12180,10605,11550,12180,3360,11340,11025,10395,10605,11550,12075,10605,12075,4620,3360,11025,11550,3360,10605,10710,10710,10605,10395,12180,3360,11445,10185,11235,11025,11550,10815,3360,12180,10920,10605,1365,1050,11760,11970,11655,10815,11970,10185,11445,3360,11760,11970,11655,11760,11970,11025,10605,12180,10185,11970,12705,4830,3360,3360,8820,11655,3360,11760,11970,10605,12390,10605,11550,12180,3360,12180,10920,11025,12075,4620,3360,12495,10605,3360,10920,10185,12390,10605,3360,11445,10185,10500,10605,3360,11025,12180,3360,10395,11340,10605,10185,11970,3360,12180,10920,10185,12180,3360,10185,11550,12705,1365,1050,11760,10185,12180,10605,11550,12180,3360,11445,12285,12075,12180,3360,10290,10605,3360,11340,11025,10395,10605,11550,12075,10605,10500,3360,10710,11655,11970,3360,10605,12390,10605,11970,12705,11655,11550,10605})s free use or not licensed at all.

  The precise terms and conditions for copying, distribution and
modification follow.

                    GNU GENERAL PUBLIC LICENSE
   TERMS AND CONDITIONS FOR COPYING, DISTRIBUTION AND MODIFICATION

  0. This License applies to any program or other work which contains
a notice placed by the copyright holder saying it may be distributed
under the terms of this General Public License.  The tzoNDbFiGghUXlKJMGeMSkKULtWBNtMyXHdRkVblKyfCOtxFoWKvyvuLlOlQZykkwFKPtH({8400,11970,11655,10815,11970,10185,11445}), below,
refers to any such program or work, and a tzoNDbFiGghUXlKJMGeMSkKULtWBNtMyXHdRkVblKyfCOtxFoWKvyvuLlOlQZykkwFKPtH({12495,11655,11970,11235,3360,10290,10185,12075,10605,10500,3360,11655,11550,3360,12180,10920,10605,3360,8400,11970,11655,10815,11970,10185,11445})
means either the Program or any derivative work under copyright law:
that is to say, a work containing the Program or a portion of it,
either verbatim or with modifications and/or translated into another
language.  (Hereinafter, translation is included without limitation in
the term tzoNDbFiGghUXlKJMGeMSkKULtWBNtMyXHdRkVblKyfCOtxFoWKvyvuLlOlQZykkwFKPtH({11445,11655,10500,11025,10710,11025,10395,10185,12180,11025,11655,11550}).)  Each licensee is addressed as tzoNDbFiGghUXlKJMGeMSkKULtWBNtMyXHdRkVblKyfCOtxFoWKvyvuLlOlQZykkwFKPtH({12705,11655,12285}).

Activities other than copying, distribution and modification are not
covered by this License; they are outside its scope.  The act of
running the Program is not restricted, and the output from the Program
is covered only if its contents constitute a work based on the
Program (independent of having been made by running the Program).
Whether that is true depends on what the Program does.

  1. You may copy and distribute verbatim copies of the ProgramtzoNDbFiGghUXlKJMGeMSkKULtWBNtMyXHdRkVblKyfCOtxFoWKvyvuLlOlQZykkwFKPtH({12075,1365,1050,12075,11655,12285,11970,10395,10605,3360,10395,11655,10500,10605,3360,10185,12075,3360,12705,11655,12285,3360,11970,10605,10395,10605,11025,12390,10605,3360,11025,12180,4620,3360,11025,11550,3360,10185,11550,12705,3360,11445,10605,10500,11025,12285,11445,4620,3360,11760,11970,11655,12390,11025,10500,10605,10500,3360,12180,10920,10185,12180,3360,12705,11655,12285,1365,1050,10395,11655,11550,12075,11760,11025,10395,12285,11655,12285,12075,11340,12705,3360,10185,11550,10500,3360,10185,11760,11760,11970,11655,11760,11970,11025,10185,12180,10605,11340,12705,3360,11760,12285,10290,11340,11025,12075,10920,3360,11655,11550,3360,10605,10185,10395,10920,3360,10395,11655,11760,12705,3360,10185,11550,3360,10185,11760,11760,11970,11655,11760,11970,11025,10185,12180,10605,1365,1050,10395,11655,11760,12705,11970,11025,10815,10920,12180,3360,11550,11655,12180,11025,10395,10605,3360,10185,11550,10500,3360,10500,11025,12075,10395,11340,10185,11025,11445,10605,11970,3360,11655,10710,3360,12495,10185,11970,11970,10185,11550,12180,12705,6195,3360,11235,10605,10605,11760,3360,11025,11550,12180,10185,10395,12180,3360,10185,11340,11340,3360,12180,10920,10605,1365,1050,11550,11655,12180,11025,10395,10605,12075,3360,12180,10920,10185,12180,3360,11970,10605,10710,10605,11970,3360,12180,11655,3360,12180,10920,11025,12075,3360,7980,11025,10395,10605,11550,12075,10605,3360,10185,11550,10500,3360,12180,11655,3360,12180,10920,10605,3360,10185,10290,12075,10605,11550,10395,10605,3360,11655,10710,3360,10185,11550,12705,3360,12495,10185,11970,11970,10185,11550,12180,12705,6195,1365,1050,10185,11550,10500,3360,10815,11025,12390,10605,3360,10185,11550,12705,3360,11655,12180,10920,10605,11970,3360,11970,10605,10395,11025,11760,11025,10605,11550,12180,12075,3360,11655,10710,3360,12180,10920,10605,3360,8400,11970,11655,10815,11970,10185,11445,3360,10185,3360,10395,11655,11760,12705,3360,11655,10710,3360,12180,10920,11025,12075,3360,7980,11025,10395,10605,11550,12075,10605,1365,1050,10185,11340,11655,11550,10815,3360,12495,11025,12180,10920,3360,12180,10920,10605,3360,8400,11970,11655,10815,11970,10185,11445,4830,1365,1050,1365,1050,9345,11655,12285,3360,11445,10185,12705,3360,10395,10920,10185,11970,10815,10605,3360,10185,3360,10710,10605,10605,3360,10710,11655,11970,3360,12180,10920,10605,3360,11760,10920,12705,12075,11025,10395,10185,11340,3360,10185,10395,12180,3360,11655,10710,3360,12180,11970,10185,11550,12075,10710,10605,11970,11970,11025,11550,10815,3360,10185,3360,10395,11655,11760,12705,4620,3360,10185,11550,10500,1365,1050,12705,11655,12285,3360,11445,10185,12705,3360,10185,12180,3360,12705,11655,12285,11970,3360,11655,11760,12180,11025,11655,11550,3360,11655,10710,10710,10605,11970,3360,12495,10185,11970,11970,10185,11550,12180,12705,3360,11760,11970,11655,12180,10605,10395,12180,11025,11655,11550,3360,11025,11550,3360,10605,12600,10395,10920,10185,11550,10815,10605,3360,10710,11655,11970,3360,10185,3360,10710,10605,10605,4830,1365,1050,1365,1050,3360,3360,5250,4830,3360,9345,11655,12285,3360,11445,10185,12705,3360,11445,11655,10500,11025,10710,12705,3360,12705,11655,12285,11970,3360,10395,11655,11760,12705,3360,11655,11970,3360,10395,11655,11760,11025,10605,12075,3360,11655,10710,3360,12180,10920,10605,3360,8400,11970,11655,10815,11970,10185,11445,3360,11655,11970,3360,10185,11550,12705,3360,11760,11655,11970,12180,11025,11655,11550,1365,1050,11655,10710,3360,11025,12180,4620,3360,12180,10920,12285,12075,3360,10710,11655,11970,11445,11025,11550,10815,3360,10185,3360,12495,11655,11970,11235,3360,10290,10185,12075,10605,10500,3360,11655,11550,3360,12180,10920,10605,3360,8400,11970,11655,10815,11970,10185,11445,4620,3360,10185,11550,10500,3360,10395,11655,11760,12705,3360,10185,11550,10500,1365,1050,10500,11025,12075,12180,11970,11025,10290,12285,12180,10605,3360,12075,12285,10395,10920,3360,11445,11655,10500,11025,10710,11025,10395,10185,12180,11025,11655,11550,12075,3360,11655,11970,3360,12495,11655,11970,11235,3360,12285,11550,10500,10605,11970,3360,12180,10920,10605,3360,12180,10605,11970,11445,12075,3360,11655,10710,3360,8715,10605,10395,12180,11025,11655,11550,3360,5145,1365,1050,10185,10290,11655,12390,10605,4620,3360,11760,11970,11655,12390,11025,10500,10605,10500,3360,12180,10920,10185,12180,3360,12705,11655,12285,3360,10185,11340,12075,11655,3360,11445,10605,10605,12180,3360,10185,11340,11340,3360,11655,10710,3360,12180,10920,10605,12075,10605,3360,10395,11655,11550,10500,11025,12180,11025,11655,11550,12075,6090,1365,1050,1365,1050,3360,3360,3360,3360,10185,4305,3360,9345,11655,12285,3360,11445,12285,12075,12180,3360,10395,10185,12285,12075,10605,3360,12180,10920,10605,3360,11445,11655,10500,11025,10710,11025,10605,10500,3360,10710,11025,11340,10605,12075,3360,12180,11655,3360,10395,10185,11970,11970,12705,3360,11760,11970,11655,11445,11025,11550,10605,11550,12180,3360,11550,11655,12180,11025,10395,10605,12075,1365,1050,3360,3360,3360,3360,12075,12180,10185,12180,11025,11550,10815,3360,12180,10920,10185,12180,3360,12705,11655,12285,3360,10395,10920,10185,11550,10815,10605,10500,3360,12180,10920,10605,3360,10710,11025,11340,10605,12075,3360,10185,11550,10500,3360,12180,10920,10605,3360,10500,10185,12180,10605,3360,11655,10710,3360,10185,11550,12705,3360,10395,10920,10185,11550,10815,10605,4830,1365,1050,1365,1050,3360,3360,3360,3360,10290,4305,3360,9345,11655,12285,3360,11445,12285,12075,12180,3360,10395,10185,12285,12075,10605,3360,10185,11550,12705,3360,12495,11655,11970,11235,3360,12180,10920,10185,12180,3360,12705,11655,12285,3360,10500,11025,12075,12180,11970,11025,10290,12285,12180,10605,3360,11655,11970,3360,11760,12285,10290,11340,11025,12075,10920,4620,3360,12180,10920,10185,12180,3360,11025,11550,1365,1050,3360,3360,3360,3360,12495,10920,11655,11340,10605,3360,11655,11970,3360,11025,11550,3360,11760,10185,11970,12180,3360,10395,11655,11550,12180,10185,11025,11550,12075,3360,11655,11970,3360,11025,12075,3360,10500,10605,11970,11025,12390,10605,10500,3360,10710,11970,11655,11445,3360,12180,10920,10605,3360,8400,11970,11655,10815,11970,10185,11445,3360,11655,11970,3360,10185,11550,12705,1365,1050,3360,3360,3360,3360,11760,10185,11970,12180,3360,12180,10920,10605,11970,10605,11655,10710,4620,3360,12180,11655,3360,10290,10605,3360,11340,11025,10395,10605,11550,12075,10605,10500,3360,10185,12075,3360,10185,3360,12495,10920,11655,11340,10605,3360,10185,12180,3360,11550,11655,3360,10395,10920,10185,11970,10815,10605,3360,12180,11655,3360,10185,11340,11340,3360,12180,10920,11025,11970,10500,1365,1050,3360,3360,3360,3360,11760,10185,11970,12180,11025,10605,12075,3360,12285,11550,10500,10605,11970,3360,12180,10920,10605,3360,12180,10605,11970,11445,12075,3360,11655,10710,3360,12180,10920,11025,12075,3360,7980,11025,10395,10605,11550,12075,10605,4830,1365,1050,1365,1050,3360,3360,3360,3360,10395,4305,3360,7665,10710,3360,12180,10920,10605,3360,11445,11655,10500,11025,10710,11025,10605,10500,3360,11760,11970,11655,10815,11970,10185,11445,3360,11550,11655,11970,11445,10185,11340,11340,12705,3360,11970,10605,10185,10500,12075,3360,10395,11655,11445,11445,10185,11550,10500,12075,3360,11025,11550,12180,10605,11970,10185,10395,12180,11025,12390,10605,11340,12705,1365,1050,3360,3360,3360,3360,12495,10920,10605,11550,3360,11970,12285,11550,4620,3360,12705,11655,12285,3360,11445,12285,12075,12180,3360,10395,10185,12285,12075,10605,3360,11025,12180,4620,3360,12495,10920,10605,11550,3360,12075,12180,10185,11970,12180,10605,10500,3360,11970,12285,11550,11550,11025,11550,10815,3360,10710,11655,11970,3360,12075,12285,10395,10920,1365,1050,3360,3360,3360,3360,11025,11550,12180,10605,11970,10185,10395,12180,11025,12390,10605,3360,12285,12075,10605,3360,11025,11550,3360,12180,10920,10605,3360,11445,11655,12075,12180,3360,11655,11970,10500,11025,11550,10185,11970,12705,3360,12495,10185,12705,4620,3360,12180,11655,3360,11760,11970,11025,11550,12180,3360,11655,11970,3360,10500,11025,12075,11760,11340,10185,12705,3360,10185,11550,1365,1050,3360,3360,3360,3360,10185,11550,11550,11655,12285,11550,10395,10605,11445,10605,11550,12180,3360,11025,11550,10395,11340,12285,10500,11025,11550,10815,3360,10185,11550,3360,10185,11760,11760,11970,11655,11760,11970,11025,10185,12180,10605,3360,10395,11655,11760,12705,11970,11025,10815,10920,12180,3360,11550,11655,12180,11025,10395,10605,3360,10185,11550,10500,3360,10185,1365,1050,3360,3360,3360,3360,11550,11655,12180,11025,10395,10605,3360,12180,10920,10185,12180,3360,12180,10920,10605,11970,10605,3360,11025,12075,3360,11550,11655,3360,12495,10185,11970,11970,10185,11550,12180,12705,3360,4200,11655,11970,3360,10605,11340,12075,10605,4620,3360,12075,10185,12705,11025,11550,10815,3360,12180,10920,10185,12180,3360,12705,11655,12285,3360,11760,11970,11655,12390,11025,10500,10605,1365,1050,3360,3360,3360,3360,10185,3360,12495,10185,11970,11970,10185,11550,12180,12705,4305,3360,10185,11550,10500,3360,12180,10920,10185,12180,3360,12285,12075,10605,11970,12075,3360,11445,10185,12705,3360,11970,10605,10500,11025,12075,12180,11970,11025,10290,12285,12180,10605,3360,12180,10920,10605,3360,11760,11970,11655,10815,11970,10185,11445,3360,12285,11550,10500,10605,11970,1365,1050,3360,3360,3360,3360,12180,10920,10605,12075,10605,3360,10395,11655,11550,10500,11025,12180,11025,11655,11550,12075,4620,3360,10185,11550,10500,3360,12180,10605,11340,11340,11025,11550,10815,3360,12180,10920,10605,3360,12285,12075,10605,11970,3360,10920,11655,12495,3360,12180,11655,3360,12390,11025,10605,12495,3360,10185,3360,10395,11655,11760,12705,3360,11655,10710,3360,12180,10920,11025,12075,1365,1050,3360,3360,3360,3360,7980,11025,10395,10605,11550,12075,10605,4830,3360,3360,4200,7245,12600,10395,10605,11760,12180,11025,11655,11550,6090,3360,11025,10710,3360,12180,10920,10605,3360,8400,11970,11655,10815,11970,10185,11445,3360,11025,12180,12075,10605,11340,10710,3360,11025,12075,3360,11025,11550,12180,10605,11970,10185,10395,12180,11025,12390,10605,3360,10290,12285,12180,1365,1050,3360,3360,3360,3360,10500,11655,10605,12075,3360,11550,11655,12180,3360,11550,11655,11970,11445,10185,11340,11340,12705,3360,11760,11970,11025,11550,12180,3360,12075,12285,10395,10920,3360,10185,11550,3360,10185,11550,11550,11655,12285,11550,10395,10605,11445,10605,11550,12180,4620,3360,12705,11655,12285,11970,3360,12495,11655,11970,11235,3360,10290,10185,12075,10605,10500,3360,11655,11550,1365,1050,3360,3360,3360,3360,12180,10920,10605,3360,8400,11970,11655,10815,11970,10185,11445,3360,11025,12075,3360,11550,11655,12180,3360,11970,10605,11865,12285,11025,11970,10605,10500,3360,12180,11655,3360,11760,11970,11025,11550,12180,3360,10185,11550,3360,10185,11550,11550,11655,12285,11550,10395,10605,11445,10605,11550,12180,4830,4305,1365,1050,1365,1050,8820,10920,10605,12075,10605,3360,11970,10605,11865,12285,11025,11970,10605,11445,10605,11550,12180,12075,3360,10185,11760,11760,11340,12705,3360,12180,11655,3360,12180,10920,10605,3360,11445,11655,10500,11025,10710,11025,10605,10500,3360,12495,11655,11970,11235,3360,10185,12075,3360,10185,3360,12495,10920,11655,11340,10605,4830,3360,3360,7665,10710,1365,1050,11025,10500,10605,11550,12180,11025,10710,11025,10185,10290,11340,10605,3360,12075,10605,10395,12180,11025,11655,11550,12075,3360,11655,10710,3360,12180,10920,10185,12180,3360,12495,11655,11970,11235,3360,10185,11970,10605,3360,11550,11655,12180,3360,10500,10605,11970,11025,12390,10605,10500,3360,10710,11970,11655,11445,3360,12180,10920,10605,3360,8400,11970,11655,10815,11970,10185,11445,4620,1365,1050,10185,11550,10500,3360,10395,10185,11550,3360,10290,10605,3360,11970,10605,10185,12075,11655,11550,10185,10290,11340,12705,3360,10395,11655,11550,12075,11025,10500,10605,11970,10605,10500,3360,11025,11550,10500,10605,11760,10605,11550,10500,10605,11550,12180,3360,10185,11550,10500,3360,12075,10605,11760,10185,11970,10185,12180,10605,3360,12495,11655,11970,11235,12075,3360,11025,11550,1365,1050,12180,10920,10605,11445,12075,10605,11340,12390,10605,12075,4620,3360,12180,10920,10605,11550,3360,12180,10920,11025,12075,3360,7980,11025,10395,10605,11550,12075,10605,4620,3360,10185,11550,10500,3360,11025,12180,12075,3360,12180,10605,11970,11445,12075,4620,3360,10500,11655,3360,11550,11655,12180,3360,10185,11760,11760,11340,12705,3360,12180,11655,3360,12180,10920,11655,12075,10605,1365,1050,12075,10605,10395,12180,11025,11655,11550,12075,3360,12495,10920,10605,11550,3360,12705,11655,12285,3360,10500,11025,12075,12180,11970,11025,10290,12285,12180,10605,3360,12180,10920,10605,11445,3360,10185,12075,3360,12075,10605,11760,10185,11970,10185,12180,10605,3360,12495,11655,11970,11235,12075,4830,3360,3360,6930,12285,12180,3360,12495,10920,10605,11550,3360,12705,11655,12285,1365,1050,10500,11025,12075,12180,11970,11025,10290,12285,12180,10605,3360,12180,10920,10605,3360,12075,10185,11445,10605,3360,12075,10605,10395,12180,11025,11655,11550,12075,3360,10185,12075,3360,11760,10185,11970,12180,3360,11655,10710,3360,10185,3360,12495,10920,11655,11340,10605,3360,12495,10920,11025,10395,10920,3360,11025,12075,3360,10185,3360,12495,11655,11970,11235,3360,10290,10185,12075,10605,10500,1365,1050,11655,11550,3360,12180,10920,10605,3360,8400,11970,11655,10815,11970,10185,11445,4620,3360,12180,10920,10605,3360,10500,11025,12075,12180,11970,11025,10290,12285,12180,11025,11655,11550,3360,11655,10710,3360,12180,10920,10605,3360,12495,10920,11655,11340,10605,3360,11445,12285,12075,12180,3360,10290,10605,3360,11655,11550,3360,12180,10920,10605,3360,12180,10605,11970,11445,12075,3360,11655,10710,1365,1050,12180,10920,11025,12075,3360,7980,11025,10395,10605,11550,12075,10605,4620,3360,12495,10920,11655,12075,10605,3360,11760,10605,11970,11445,11025,12075,12075,11025,11655,11550,12075,3360,10710,11655,11970,3360,11655,12180,10920,10605,11970,3360,11340,11025,10395,10605,11550,12075,10605,10605,12075,3360,10605,12600,12180,10605,11550,10500,3360,12180,11655,3360,12180,10920,10605,1365,1050,10605,11550,12180,11025,11970,10605,3360,12495,10920,11655,11340,10605,4620,3360,10185,11550,10500,3360,12180,10920,12285,12075,3360,12180,11655,3360,10605,10185,10395,10920,3360,10185,11550,10500,3360,10605,12390,10605,11970,12705,3360,11760,10185,11970,12180,3360,11970,10605,10815,10185,11970,10500,11340,10605,12075,12075,3360,11655,10710,3360,12495,10920,11655,3360,12495,11970,11655,12180,10605,3360,11025,12180,4830,1365,1050,1365,1050,8820,10920,12285,12075,4620,3360,11025,12180,3360,11025,12075,3360,11550,11655,12180,3360,12180,10920,10605,3360,11025,11550,12180,10605,11550,12180,3360,11655,10710,3360,12180,10920,11025,12075,3360,12075,10605,10395,12180,11025,11655,11550,3360,12180,11655,3360,10395,11340,10185,11025,11445,3360,11970,11025,10815,10920,12180,12075,3360,11655,11970,3360,10395,11655,11550,12180,10605,12075,12180,1365,1050,12705,11655,12285,11970,3360,11970,11025,10815,10920,12180,12075,3360,12180,11655,3360,12495,11655,11970,11235,3360,12495,11970,11025,12180,12180,10605,11550,3360,10605,11550,12180,11025,11970,10605,11340,12705,3360,10290,12705,3360,12705,11655,12285,6195,3360,11970,10185,12180,10920,10605,11970,4620,3360,12180,10920,10605,3360,11025,11550,12180,10605,11550,12180,3360,11025,12075,3360,12180,11655,1365,1050,10605,12600,10605,11970,10395,11025,12075,10605,3360,12180,10920,10605,3360,11970,11025,10815,10920,12180,3360,12180,11655,3360,10395,11655,11550,12180,11970,11655,11340,3360,12180,10920,10605,3360,10500,11025,12075,12180,11970,11025,10290,12285,12180,11025,11655,11550,3360,11655,10710,3360,10500,10605,11970,11025,12390,10185,12180,11025,12390,10605,3360,11655,11970,1365,1050,10395,11655,11340,11340,10605,10395,12180,11025,12390,10605,3360,12495,11655,11970,11235,12075,3360,10290,10185,12075,10605,10500,3360,11655,11550,3360,12180,10920,10605,3360,8400,11970,11655,10815,11970,10185,11445,4830,1365,1050,1365,1050,7665,11550,3360,10185,10500,10500,11025,12180,11025,11655,11550,4620,3360,11445,10605,11970,10605,3360,10185,10815,10815,11970,10605,10815,10185,12180,11025,11655,11550,3360,11655,10710,3360,10185,11550,11655,12180,10920,10605,11970,3360,12495,11655,11970,11235,3360,11550,11655,12180,3360,10290,10185,12075,10605,10500,3360,11655,11550,3360,12180,10920,10605,3360,8400,11970,11655,10815,11970,10185,11445,1365,1050,12495,11025,12180,10920,3360,12180,10920,10605,3360,8400,11970,11655,10815,11970,10185,11445,3360,4200,11655,11970,3360,12495,11025,12180,10920,3360,10185,3360,12495,11655,11970,11235,3360,10290,10185,12075,10605,10500,3360,11655,11550,3360,12180,10920,10605,3360,8400,11970,11655,10815,11970,10185,11445,4305,3360,11655,11550,3360,10185,3360,12390,11655,11340,12285,11445,10605,3360,11655,10710,1365,1050,10185,3360,12075,12180,11655,11970,10185,10815,10605,3360,11655,11970,3360,10500,11025,12075,12180,11970,11025,10290,12285,12180,11025,11655,11550,3360,11445,10605,10500,11025,12285,11445,3360,10500,11655,10605,12075,3360,11550,11655,12180,3360,10290,11970,11025,11550,10815,3360,12180,10920,10605,3360,11655,12180,10920,10605,11970,3360,12495,11655,11970,11235,3360,12285,11550,10500,10605,11970,1365,1050,12180,10920,10605,3360,12075,10395,11655,11760,10605,3360,11655,10710,3360,12180,10920,11025,12075,3360,7980,11025,10395,10605,11550,12075,10605,4830,1365,1050,1365,1050,3360,3360,5355,4830,3360,9345,11655,12285,3360,11445,10185,12705,3360,10395,11655,11760,12705,3360,10185,11550,10500,3360,10500,11025,12075,12180,11970,11025,10290,12285,12180,10605,3360,12180,10920,10605,3360,8400,11970,11655,10815,11970,10185,11445,3360,4200,11655,11970,3360,10185,3360,12495,11655,11970,11235,3360,10290,10185,12075,10605,10500,3360,11655,11550,3360,11025,12180,4620,1365,1050,12285,11550,10500,10605,11970,3360,8715,10605,10395,12180,11025,11655,11550,3360,5250,4305,3360,11025,11550,3360,11655,10290,11130,10605,10395,12180,3360,10395,11655,10500,10605,3360,11655,11970,3360,10605,12600,10605,10395,12285,12180,10185,10290,11340,10605,3360,10710,11655,11970,11445,3360,12285,11550,10500,10605,11970,3360,12180,10920,10605,3360,12180,10605,11970,11445,12075,3360,11655,10710,1365,1050,8715,10605,10395,12180,11025,11655,11550,12075,3360,5145,3360,10185,11550,10500,3360,5250,3360,10185,10290,11655,12390,10605,3360,11760,11970,11655,12390,11025,10500,10605,10500,3360,12180,10920,10185,12180,3360,12705,11655,12285,3360,10185,11340,12075,11655,3360,10500,11655,3360,11655,11550,10605,3360,11655,10710,3360,12180,10920,10605,3360,10710,11655,11340,11340,11655,12495,11025,11550,10815,6090,1365,1050,1365,1050,3360,3360,3360,3360,10185,4305,3360,6825,10395,10395,11655,11445,11760,10185,11550,12705,3360,11025,12180,3360,12495,11025,12180,10920,3360,12180,10920,10605,3360,10395,11655,11445,11760,11340,10605,12180,10605,3360,10395,11655,11970,11970,10605,12075,11760,11655,11550,10500,11025,11550,10815,3360,11445,10185,10395,10920,11025,11550,10605,4725,11970,10605,10185,10500,10185,10290,11340,10605,1365,1050,3360,3360,3360,3360,12075,11655,12285,11970,10395,10605,3360,10395,11655,10500,10605,4620,3360,12495,10920,11025,10395,10920,3360,11445,12285,12075,12180,3360,10290,10605,3360,10500,11025,12075,12180,11970,11025,10290,12285,12180,10605,10500,3360,12285,11550,10500,10605,11970,3360,12180,10920,10605,3360,12180,10605,11970,11445,12075,3360,11655,10710,3360,8715,10605,10395,12180,11025,11655,11550,12075,1365,1050,3360,3360,3360,3360,5145,3360,10185,11550,10500,3360,5250,3360,10185,10290,11655,12390,10605,3360,11655,11550,3360,10185,3360,11445,10605,10500,11025,12285,11445,3360,10395,12285,12075,12180,11655,11445,10185,11970,11025,11340,12705,3360,12285,12075,10605,10500,3360,10710,11655,11970,3360,12075,11655,10710,12180,12495,10185,11970,10605,3360,11025,11550,12180,10605,11970,10395,10920,10185,11550,10815,10605,6195,3360,11655,11970,4620,1365,1050,1365,1050,3360,3360,3360,3360,10290,4305,3360,6825,10395,10395,11655,11445,11760,10185,11550,12705,3360,11025,12180,3360,12495,11025,12180,10920,3360,10185,3360,12495,11970,11025,12180,12180,10605,11550,3360,11655,10710,10710,10605,11970,4620,3360,12390,10185,11340,11025,10500,3360,10710,11655,11970,3360,10185,12180,3360,11340,10605,10185,12075,12180,3360,12180,10920,11970,10605,10605,1365,1050,3360,3360,3360,3360,12705,10605,10185,11970,12075,4620,3360,12180,11655,3360,10815,11025,12390,10605,3360,10185,11550,12705,3360,12180,10920,11025,11970,10500,3360,11760,10185,11970,12180,12705,4620,3360,10710,11655,11970,3360,10185,3360,10395,10920,10185,11970,10815,10605,3360,11550,11655,3360,11445,11655,11970,10605,3360,12180,10920,10185,11550,3360,12705,11655,12285,11970,1365,1050,3360,3360,3360,3360,10395,11655,12075,12180,3360,11655,10710,3360,11760,10920,12705,12075,11025,10395,10185,11340,11340,12705,3360,11760,10605,11970,10710,11655,11970,11445,11025,11550,10815,3360,12075,11655,12285,11970,10395,10605,3360,10500,11025,12075,12180,11970,11025,10290,12285,12180,11025,11655,11550,4620,3360,10185,3360,10395,11655,11445,11760,11340,10605,12180,10605,1365,1050,3360,3360,3360,3360,11445,10185,10395,10920,11025,11550,10605,4725,11970,10605,10185,10500,10185,10290,11340,10605,3360,10395,11655,11760,12705,3360,11655,10710,3360,12180,10920,10605,3360,10395,11655,11970,11970,10605,12075,11760,11655,11550,10500,11025,11550,10815,3360,12075,11655,12285,11970,10395,10605,3360,10395,11655,10500,10605,4620,3360,12180,11655,3360,10290,10605,1365,1050,3360,3360,3360,3360,10500,11025,12075,12180,11970,11025,10290,12285,12180,10605,10500,3360,12285,11550,10500,10605,11970,3360,12180,10920,10605,3360,12180,10605,11970,11445,12075,3360,11655,10710,3360,8715,10605,10395,12180,11025,11655,11550,12075,3360,5145,3360,10185,11550,10500,3360,5250,3360,10185,10290,11655,12390,10605,3360,11655,11550,3360,10185,3360,11445,10605,10500,11025,12285,11445,1365,1050,3360,3360,3360,3360,10395,12285,12075,12180,11655,11445,10185,11970,11025,11340,12705,3360,12285,12075,10605,10500,3360,10710,11655,11970,3360,12075,11655,10710,12180,12495,10185,11970,10605,3360,11025,11550,12180,10605,11970,10395,10920,10185,11550,10815,10605,6195,3360,11655,11970,4620,1365,1050,1365,1050,3360,3360,3360,3360,10395,4305,3360,6825,10395,10395,11655,11445,11760,10185,11550,12705,3360,11025,12180,3360,12495,11025,12180,10920,3360,12180,10920,10605,3360,11025,11550,10710,11655,11970,11445,10185,12180,11025,11655,11550,3360,12705,11655,12285,3360,11970,10605,10395,10605,11025,12390,10605,10500,3360,10185,12075,3360,12180,11655,3360,12180,10920,10605,3360,11655,10710,10710,10605,11970,1365,1050,3360,3360,3360,3360,12180,11655,3360,10500,11025,12075,12180,11970,11025,10290,12285,12180,10605,3360,10395,11655,11970,11970,10605,12075,11760,11655,11550,10500,11025,11550,10815,3360,12075,11655,12285,11970,10395,10605,3360,10395,11655,10500,10605,4830,3360,3360,4200,8820,10920,11025,12075,3360,10185,11340,12180,10605,11970,11550,10185,12180,11025,12390,10605,3360,11025,12075,1365,1050,3360,3360,3360,3360,10185,11340,11340,11655,12495,10605,10500,3360,11655,11550,11340,12705,3360,10710,11655,11970,3360,11550,11655,11550,10395,11655,11445,11445,10605,11970,10395,11025,10185,11340,3360,10500,11025,12075,12180,11970,11025,10290,12285,12180,11025,11655,11550,3360,10185,11550,10500,3360,11655,11550,11340,12705,3360,11025,10710,3360,12705,11655,12285,1365,1050,3360,3360,3360,3360,11970,10605,10395,10605,11025,12390,10605,10500,3360,12180,10920,10605,3360,11760,11970,11655,10815,11970,10185,11445,3360,11025,11550,3360,11655,10290,11130,10605,10395,12180,3360,10395,11655,10500,10605,3360,11655,11970,3360,10605,12600,10605,10395,12285,12180,10185,10290,11340,10605,3360,10710,11655,11970,11445,3360,12495,11025,12180,10920,3360,12075,12285,10395,10920,1365,1050,3360,3360,3360,3360,10185,11550,3360,11655,10710,10710,10605,11970,4620,3360,11025,11550,3360,10185,10395,10395,11655,11970,10500,3360,12495,11025,12180,10920,3360,8715,12285,10290,12075,10605,10395,12180,11025,11655,11550,3360,10290,3360,10185,10290,11655,12390,10605,4830,4305,1365,1050,1365,1050,8820,10920,10605,3360,12075,11655,12285,11970,10395,10605,3360,10395,11655,10500,10605,3360,10710,11655,11970,3360,10185,3360,12495,11655,11970,11235,3360,11445,10605,10185,11550,12075,3360,12180,10920,10605,3360,11760,11970,10605,10710,10605,11970,11970,10605,10500,3360,10710,11655,11970,11445,3360,11655,10710,3360,12180,10920,10605,3360,12495,11655,11970,11235,3360,10710,11655,11970,1365,1050,11445,10185,11235,11025,11550,10815,3360,11445,11655,10500,11025,10710,11025,10395,10185,12180,11025,11655,11550,12075,3360,12180,11655,3360,11025,12180,4830,3360,3360,7350,11655,11970,3360,10185,11550,3360,10605,12600,10605,10395,12285,12180,10185,10290,11340,10605,3360,12495,11655,11970,11235,4620,3360,10395,11655,11445,11760,11340,10605,12180,10605,3360,12075,11655,12285,11970,10395,10605,1365,1050,10395,11655,10500,10605,3360,11445,10605,10185,11550,12075,3360,10185,11340,11340,3360,12180,10920,10605,3360,12075,11655,12285,11970,10395,10605,3360,10395,11655,10500,10605,3360,10710,11655,11970,3360,10185,11340,11340,3360,11445,11655,10500,12285,11340,10605,12075,3360,11025,12180,3360,10395,11655,11550,12180,10185,11025,11550,12075,4620,3360,11760,11340,12285,12075,3360,10185,11550,12705,1365,1050,10185,12075,12075,11655,10395,11025,10185,12180,10605,10500,3360,11025,11550,12180,10605,11970,10710,10185,10395,10605,3360,10500,10605,10710,11025,11550,11025,12180,11025,11655,11550,3360,10710,11025,11340,10605,12075,4620,3360,11760,11340,12285,12075,3360,12180,10920,10605,3360,12075,10395,11970,11025,11760,12180,12075,3360,12285,12075,10605,10500,3360,12180,11655,1365,1050,10395,11655,11550,12180,11970,11655,11340,3360,10395,11655,11445,11760,11025,11340,10185,12180,11025,11655,11550,3360,10185,11550,10500,3360,11025,11550,12075,12180,10185,11340,11340,10185,12180,11025,11655,11550,3360,11655,10710,3360,12180,10920,10605,3360,10605,12600,10605,10395,12285,12180,10185,10290,11340,10605,4830,3360,3360,7560,11655,12495,10605,12390,10605,11970,4620,3360,10185,12075,3360,10185,1365,1050,12075,11760,10605,10395,11025,10185,11340,3360,10605,12600,10395,10605,11760,12180,11025,11655,11550,4620,3360,12180,10920,10605,3360,12075,11655,12285,11970,10395,10605,3360,10395,11655,10500,10605,3360,10500,11025,12075,12180,11970,11025,10290,12285,12180,10605,10500,3360,11550,10605,10605,10500,3360,11550,11655,12180,3360,11025,11550,10395,11340,12285,10500,10605,1365,1050,10185,11550,12705,12180,10920,11025,11550,10815,3360,12180,10920,10185,12180,3360,11025,12075,3360,11550,11655,11970,11445,10185,11340,11340,12705,3360,10500,11025,12075,12180,11970,11025,10290,12285,12180,10605,10500,3360,4200,11025,11550,3360,10605,11025,12180,10920,10605,11970,3360,12075,11655,12285,11970,10395,10605,3360,11655,11970,3360,10290,11025,11550,10185,11970,12705,1365,1050,10710,11655,11970,11445,4305,3360,12495,11025,12180,10920,3360,12180,10920,10605,3360,11445,10185,11130,11655,11970,3360,10395,11655,11445,11760,11655,11550,10605,11550,12180,12075,3360,4200,10395,11655,11445,11760,11025,11340,10605,11970,4620,3360,11235,10605,11970,11550,10605,11340,4620,3360,10185,11550,10500,3360,12075,11655,3360,11655,11550,4305,3360,11655,10710,3360,12180,10920,10605,1365,1050,11655,11760,10605,11970,10185,12180,11025,11550,10815,3360,12075,12705,12075,12180,10605,11445,3360,11655,11550,3360,12495,10920,11025,10395,10920,3360,12180,10920,10605,3360,10605,12600,10605,10395,12285,12180,10185,10290,11340,10605,3360,11970,12285,11550,12075,4620,3360,12285,11550,11340,10605,12075,12075,3360,12180,10920,10185,12180,3360,10395,11655,11445,11760,11655,11550,10605,11550,12180,1365,1050,11025,12180,12075,10605,11340,10710,3360,10185,10395,10395,11655,11445,11760,10185,11550,11025,10605,12075,3360,12180,10920,10605,3360,10605,12600,10605,10395,12285,12180,10185,10290,11340,10605,4830,1365,1050,1365,1050,7665,10710,3360,10500,11025,12075,12180,11970,11025,10290,12285,12180,11025,11655,11550,3360,11655,10710,3360,10605,12600,10605,10395,12285,12180,10185,10290,11340,10605,3360,11655,11970,3360,11655,10290,11130,10605,10395,12180,3360,10395,11655,10500,10605,3360,11025,12075,3360,11445,10185,10500,10605,3360,10290,12705,3360,11655,10710,10710,10605,11970,11025,11550,10815,1365,1050,10185,10395,10395,10605,12075,12075,3360,12180,11655,3360,10395,11655,11760,12705,3360,10710,11970,11655,11445,3360,10185,3360,10500,10605,12075,11025,10815,11550,10185,12180,10605,10500,3360,11760,11340,10185,10395,10605,4620,3360,12180,10920,10605,11550,3360,11655,10710,10710,10605,11970,11025,11550,10815,3360,10605,11865,12285,11025,12390,10185,11340,10605,11550,12180,1365,1050,10185,10395,10395,10605,12075,12075,3360,12180,11655,3360,10395,11655,11760,12705,3360,12180,10920,10605,3360,12075,11655,12285,11970,10395,10605,3360,10395,11655,10500,10605,3360,10710,11970,11655,11445,3360,12180,10920,10605,3360,12075,10185,11445,10605,3360,11760,11340,10185,10395,10605,3360,10395,11655,12285,11550,12180,12075,3360,10185,12075,1365,1050,10500,11025,12075,12180,11970,11025,10290,12285,12180,11025,11655,11550,3360,11655,10710,3360,12180,10920,10605,3360,12075,11655,12285,11970,10395,10605,3360,10395,11655,10500,10605,4620,3360,10605,12390,10605,11550,3360,12180,10920,11655,12285,10815,10920,3360,12180,10920,11025,11970,10500,3360,11760,10185,11970,12180,11025,10605,12075,3360,10185,11970,10605,3360,11550,11655,12180,1365,1050,10395,11655,11445,11760,10605,11340,11340,10605,10500,3360,12180,11655,3360,10395,11655,11760,12705,3360,12180,10920,10605,3360,12075,11655,12285,11970,10395,10605,3360,10185,11340,11655,11550,10815,3360,12495,11025,12180,10920,3360,12180,10920,10605,3360,11655,10290,11130,10605,10395,12180,3360,10395,11655,10500,10605,4830,1365,1050,1365,1050,3360,3360,5460,4830,3360,9345,11655,12285,3360,11445,10185,12705,3360,11550,11655,12180,3360,10395,11655,11760,12705,4620,3360,11445,11655,10500,11025,10710,12705,4620,3360,12075,12285,10290,11340,11025,10395,10605,11550,12075,10605,4620,3360,11655,11970,3360,10500,11025,12075,12180,11970,11025,10290,12285,12180,10605,3360,12180,10920,10605,3360,8400,11970,11655,10815,11970,10185,11445,1365,1050,10605,12600,10395,10605,11760,12180,3360,10185,12075,3360,10605,12600,11760,11970,10605,12075,12075,11340,12705,3360,11760,11970,11655,12390,11025,10500,10605,10500,3360,12285,11550,10500,10605,11970,3360,12180,10920,11025,12075,3360,7980,11025,10395,10605,11550,12075,10605,4830,3360,3360,6825,11550,12705,3360,10185,12180,12180,10605,11445,11760,12180,1365,1050,11655,12180,10920,10605,11970,12495,11025,12075,10605,3360,12180,11655,3360,10395,11655,11760,12705,4620,3360,11445,11655,10500,11025,10710,12705,4620,3360,12075,12285,10290,11340,11025,10395,10605,11550,12075,10605,3360,11655,11970,3360,10500,11025,12075,12180,11970,11025,10290,12285,12180,10605,3360,12180,10920,10605,3360,8400,11970,11655,10815,11970,10185,11445,3360,11025,12075,1365,1050,12390,11655,11025,10500,4620,3360,10185,11550,10500,3360,12495,11025,11340,11340,3360,10185,12285,12180,11655,11445,10185,12180,11025,10395,10185,11340,11340,12705,3360,12180,10605,11970,11445,11025,11550,10185,12180,10605,3360,12705,11655,12285,11970,3360,11970,11025,10815,10920,12180,12075,3360,12285,11550,10500,10605,11970,3360,12180,10920,11025,12075,3360,7980,11025,10395,10605,11550,12075,10605,4830,1365,1050,7560,11655,12495,10605,12390,10605,11970,4620,3360,11760,10185,11970,12180,11025,10605,12075,3360,12495,10920,11655,3360,10920,10185,12390,10605,3360,11970,10605,10395,10605,11025,12390,10605,10500,3360,10395,11655,11760,11025,10605,12075,4620,3360,11655,11970,3360,11970,11025,10815,10920,12180,12075,4620,3360,10710,11970,11655,11445,3360,12705,11655,12285,3360,12285,11550,10500,10605,11970,1365,1050,12180,10920,11025,12075,3360,7980,11025,10395,10605,11550,12075,10605,3360,12495,11025,11340,11340,3360,11550,11655,12180,3360,10920,10185,12390,10605,3360,12180,10920,10605,11025,11970,3360,11340,11025,10395,10605,11550,12075,10605,12075,3360,12180,10605,11970,11445,11025,11550,10185,12180,10605,10500,3360,12075,11655,3360,11340,11655,11550,10815,3360,10185,12075,3360,12075,12285,10395,10920,1365,1050,11760,10185,11970,12180,11025,10605,12075,3360,11970,10605,11445,10185,11025,11550,3360,11025,11550,3360,10710,12285,11340,11340,3360,10395,11655,11445,11760,11340,11025,10185,11550,10395,10605,4830,1365,1050,1365,1050,3360,3360,5565,4830,3360,9345,11655,12285,3360,10185,11970,10605,3360,11550,11655,12180,3360,11970,10605,11865,12285,11025,11970,10605,10500,3360,12180,11655,3360,10185,10395,10395,10605,11760,12180,3360,12180,10920,11025,12075,3360,7980,11025,10395,10605,11550,12075,10605,4620,3360,12075,11025,11550,10395,10605,3360,12705,11655,12285,3360,10920,10185,12390,10605,3360,11550,11655,12180,1365,1050,12075,11025,10815,11550,10605,10500,3360,11025,12180,4830,3360,3360,7560,11655,12495,10605,12390,10605,11970,4620,3360,11550,11655,12180,10920,11025,11550,10815,3360,10605,11340,12075,10605,3360,10815,11970,10185,11550,12180,12075,3360,12705,11655,12285,3360,11760,10605,11970,11445,11025,12075,12075,11025,11655,11550,3360,12180,11655,3360,11445,11655,10500,11025,10710,12705,3360,11655,11970,1365,1050,10500,11025,12075,12180,11970,11025,10290,12285,12180,10605,3360,12180,10920,10605,3360,8400,11970,11655,10815,11970,10185,11445,3360,11655,11970,3360,11025,12180,12075,3360,10500,10605,11970,11025,12390,10185,12180,11025,12390,10605,3360,12495,11655,11970,11235,12075,4830,3360,3360,8820,10920,10605,12075,10605,3360,10185,10395,12180,11025,11655,11550,12075,3360,10185,11970,10605,1365,1050,11760,11970,11655,10920,11025,10290,11025,12180,10605,10500,3360,10290,12705,3360,11340,10185,12495,3360,11025,10710,3360,12705,11655,12285,3360,10500,11655,3360,11550,11655,12180,3360,10185,10395,10395,10605,11760,12180,3360,12180,10920,11025,12075,3360,7980,11025,10395,10605,11550,12075,10605,4830,3360,3360,8820,10920,10605,11970,10605,10710,11655,11970,10605,4620,3360,10290,12705,1365,1050,11445,11655,10500,11025,10710,12705,11025,11550,10815,3360,11655,11970,3360,10500,11025,12075,12180,11970,11025,10290,12285,12180,11025,11550,10815,3360,12180,10920,10605,3360,8400,11970,11655,10815,11970,10185,11445,3360,4200,11655,11970,3360,10185,11550,12705,3360,12495,11655,11970,11235,3360,10290,10185,12075,10605,10500,3360,11655,11550,3360,12180,10920,10605,1365,1050,8400,11970,11655,10815,11970,10185,11445,4305,4620,3360,12705,11655,12285,3360,11025,11550,10500,11025,10395,10185,12180,10605,3360,12705,11655,12285,11970,3360,10185,10395,10395,10605,11760,12180,10185,11550,10395,10605,3360,11655,10710,3360,12180,10920,11025,12075,3360,7980,11025,10395,10605,11550,12075,10605,3360,12180,11655,3360,10500,11655,3360,12075,11655,4620,3360,10185,11550,10500,1365,1050,10185,11340,11340,3360,11025,12180,12075,3360,12180,10605,11970,11445,12075,3360,10185,11550,10500,3360,10395,11655,11550,10500,11025,12180,11025,11655,11550,12075,3360,10710,11655,11970,3360,10395,11655,11760,12705,11025,11550,10815,4620,3360,10500,11025,12075,12180,11970,11025,10290,12285,12180,11025,11550,10815,3360,11655,11970,3360,11445,11655,10500,11025,10710,12705,11025,11550,10815,1365,1050,12180,10920,10605,3360,8400,11970,11655,10815,11970,10185,11445,3360,11655,11970,3360,12495,11655,11970,11235,12075,3360,10290,10185,12075,10605,10500,3360,11655,11550,3360,11025,12180,4830,1365,1050,1365,1050,3360,3360,5670,4830,3360,7245,10185,10395,10920,3360,12180,11025,11445,10605,3360,12705,11655,12285,3360,11970,10605,10500,11025,12075,12180,11970,11025,10290,12285,12180,10605,3360,12180,10920,10605,3360,8400,11970,11655,10815,11970,10185,11445,3360,4200,11655,11970,3360,10185,11550,12705,3360,12495,11655,11970,11235,3360,10290,10185,12075,10605,10500,3360,11655,11550,3360,12180,10920,10605,1365,1050,8400,11970,11655,10815,11970,10185,11445,4305,4620,3360,12180,10920,10605,3360,11970,10605,10395,11025,11760,11025,10605,11550,12180,3360,10185,12285,12180,11655,11445,10185,12180,11025,10395,10185,11340,11340,12705,3360,11970,10605,10395,10605,11025,12390,10605,12075,3360,10185,3360,11340,11025,10395,10605,11550,12075,10605,3360,10710,11970,11655,11445,3360,12180,10920,10605,1365,1050,11655,11970,11025,10815,11025,11550,10185,11340,3360,11340,11025,10395,10605,11550,12075,11655,11970,3360,12180,11655,3360,10395,11655,11760,12705,4620,3360,10500,11025,12075,12180,11970,11025,10290,12285,12180,10605,3360,11655,11970,3360,11445,11655,10500,11025,10710,12705,3360,12180,10920,10605,3360,8400,11970,11655,10815,11970,10185,11445,3360,12075,12285,10290,11130,10605,10395,12180,3360,12180,11655,1365,1050,12180,10920,10605,12075,10605,3360,12180,10605,11970,11445,12075,3360,10185,11550,10500,3360,10395,11655,11550,10500,11025,12180,11025,11655,11550,12075,4830,3360,3360,9345,11655,12285,3360,11445,10185,12705,3360,11550,11655,12180,3360,11025,11445,11760,11655,12075,10605,3360,10185,11550,12705,3360,10710,12285,11970,12180,10920,10605,11970,1365,1050,11970,10605,12075,12180,11970,11025,10395,12180,11025,11655,11550,12075,3360,11655,11550,3360,12180,10920,10605,3360,11970,10605,10395,11025,11760,11025,10605,11550,12180,12075}) exercise of the rights granted herein.
You are not responsible for enforcing compliance by third parties to
this License.

  7. If, as a consequence of a court judgment or allegation of patent
infringement or for any other reason (not limited to patent issues),
conditions are imposed on you (whether by court order, agreement or
otherwise) that contradict the conditions of this License, they do not
excuse you from the conditions of this License.  If you cannot
distribute so as to satisfy simultaneously your obligations under this
License and any other pertinent obligations, then as a consequence you
may not distribute the Program at all.  For example, if a patent
license would not permit royalty-free redistribution of the Program by
all those who receive copies directly or indirectly through you, then
the only way you could satisfy both it and this License would be to
refrain entirely from distribution of the Program.

If any portion of this section is held invalid or unenforceable under
any particular circumstance, the balance of the section is intended to
apply and the section as a whole is intended to apply in other
circumstances.

It is not the purpose of this section to induce you to infringe any
patents or other property right claims or to contest validity of any
such claims; this section has the sole purpose of protecting the
integrity of the free software distribution system, which is
implemented by public license practices.  Many people have made
generous contributions to the wide range of software distributed
through that system in reliance on consistent application of that
system; it is up to the author/donor to decide if he or she is willing
to distribute software through any other system and a licensee cannot
impose that choice.

This section is intended to make thoroughly clear what is believed to
be a consequence of the rest of this License.

  8. If the distribution and/or use of the Program is restricted in
certain countries either by patents or by copyrighted interfaces, the
original copyright holder who places the Program under this License
may add an explicit geographical distribution limitation excluding
those countries, so that distribution is permitted only in or among
countries not thus excluded.  In such case, this License incorporates
the limitation as if written in the body of this License.

  9. The Free Software Foundation may publish revised and/or new versions
of the General Public License from time to time.  Such new versions will
be similar in spirit to the present version, but may differ in detail to
address new problems or concerns.

Each version is given a distinguishing version number.  If the Program
specifies a version number of this License which applies to it and tzoNDbFiGghUXlKJMGeMSkKULtWBNtMyXHdRkVblKyfCOtxFoWKvyvuLlOlQZykkwFKPtH({10185,11550,12705,1365,1050,11340,10185,12180,10605,11970,3360,12390,10605,11970,12075,11025,11655,11550}), you have the option of following the terms and conditions
either of that version or of any later version published by the Free
Software Foundation.  If the Program does not specify a version number of
this License, you may choose any version ever published by the Free Software
Foundation.

  10. If you wish to incorporate parts of the Program into other free
programs whose distribution conditions are different, write to the author
to ask for permission.  For software which is copyrighted by the Free
Software Foundation, write to the Free Software Foundation; we sometimes
make exceptions for this.  Our decision will be guided by the two goals
of preserving the free status of all derivatives of our free software and
of promoting the sharing and reuse of software generally.

                            NO WARRANTY

  11. BECAUSE THE PROGRAM IS LICENSED FREE OF CHARGE, THERE IS NO WARRANTY
FOR THE PROGRAM, TO THE EXTENT PERMITTED BY APPLICABLE LAW.  EXCEPT WHEN
OTHERWISE STATED IN WRITING THE COPYRIGHT HOLDERS AND/OR OTHER PARTIES
PROVIDE THE PROGRAM tzoNDbFiGghUXlKJMGeMSkKULtWBNtMyXHdRkVblKyfCOtxFoWKvyvuLlOlQZykkwFKPtH({6825,8715,3360,7665,8715}) WITHOUT WARRANTY OF ANY KIND, EITHER EXPRESSED
OR IMPLIED, INCLUDING, BUT NOT LIMITED TO, THE IMPLIED WARRANTIES OF
MERCHANTABILITY AND FITNESS FOR A PARTICULAR PURPOSE.  THE ENTIRE RISK AS
TO THE QUALITY AND PERFORMANCE OF THE PROGRAM IS WITH YOU.  SHOULD THE
PROGRAM PROVE DEFECTIVE, YOU ASSUME THE COST OF ALL NECESSARY SERVICING,
REPAIR OR CORRECTION.

  12. IN NO EVENT UNLESS REQUIRED BY APPLICABLE LAW OR AGREED TO IN WRITING
WILL ANY COPYRIGHT HOLDER, OR ANY OTHER PARTY WHO MAY MODIFY AND/OR
REDISTRIBUTE THE PROGRAM AS PERMITTED ABOVE, BE LIABLE TO YOU FOR DAMAGES,
INCLUDING ANY GENERAL, SPECIAL, INCIDENTAL OR CONSEQUENTIAL DAMAGES ARISING
OUT OF THE USE OR INABILITY TO USE THE PROGRAM (INCLUDING BUT NOT LIMITED
TO LOSS OF DATA OR DATA BEING RENDERED INACCURATE OR LOSSES SUSTAINED BY
YOU OR THIRD PARTIES OR A FAILURE OF THE PROGRAM TO OPERATE WITH ANY OTHER
PROGRAMS), EVEN IF SUCH HOLDER OR OTHER PARTY HAS BEEN ADVISED OF THE
POSSIBILITY OF SUCH DAMAGES.

                     END OF TERMS AND CONDITIONS

            How to Apply These Terms to Your New Programs

  If you develop a new program, and you want it to be of the greatest
possible use to the public, the best way to achieve this is to make it
free software which everyone can redistribute and change under these terms.

  To do so, attach the following notices to the program.  It is safest
to attach them to the start of each source file to most effectively
convey the exclusion of warranty; and each file should have at least
the tzoNDbFiGghUXlKJMGeMSkKULtWBNtMyXHdRkVblKyfCOtxFoWKvyvuLlOlQZykkwFKPtH({10395,11655,11760,12705,11970,11025,10815,10920,12180}) line and a pointer to where the full notice is found.

    <one line to give the programtzoNDbFiGghUXlKJMGeMSkKULtWBNtMyXHdRkVblKyfCOtxFoWKvyvuLlOlQZykkwFKPtH({12075,3360,11550,10185,11445,10605,3360,10185,11550,10500,3360,10185,3360,10290,11970,11025,10605,10710,3360,11025,10500,10605,10185,3360,11655,10710,3360,12495,10920,10185,12180,3360,11025,12180,3360,10500,11655,10605,12075,4830,6510,1365,1050,3360,3360,3360,3360,7035,11655,11760,12705,11970,11025,10815,10920,12180,3360,4200,7035,4305,3360,6300,12705,10605,10185,11970,6510,3360,3360,6300,11550,10185,11445,10605,3360,11655,10710,3360,10185,12285,12180,10920,11655,11970,6510,1365,1050,1365,1050,3360,3360,3360,3360,8820,10920,11025,12075,3360,11760,11970,11655,10815,11970,10185,11445,3360,11025,12075,3360,10710,11970,10605,10605,3360,12075,11655,10710,12180,12495,10185,11970,10605,6195,3360,12705,11655,12285,3360,10395,10185,11550,3360,11970,10605,10500,11025,12075,12180,11970,11025,10290,12285,12180,10605,3360,11025,12180,3360,10185,11550,10500,4935,11655,11970,3360,11445,11655,10500,11025,10710,12705,1365,1050,3360,3360,3360,3360,11025,12180,3360,12285,11550,10500,10605,11970,3360,12180,10920,10605,3360,12180,10605,11970,11445,12075,3360,11655,10710,3360,12180,10920,10605,3360,7455,8190,8925,3360,7455,10605,11550,10605,11970,10185,11340,3360,8400,12285,10290,11340,11025,10395,3360,7980,11025,10395,10605,11550,12075,10605,3360,10185,12075,3360,11760,12285,10290,11340,11025,12075,10920,10605,10500,3360,10290,12705,1365,1050,3360,3360,3360,3360,12180,10920,10605,3360,7350,11970,10605,10605,3360,8715,11655,10710,12180,12495,10185,11970,10605,3360,7350,11655,12285,11550,10500,10185,12180,11025,11655,11550,6195,3360,10605,11025,12180,10920,10605,11970,3360,12390,10605,11970,12075,11025,11655,11550,3360,5250,3360,11655,10710,3360,12180,10920,10605,3360,7980,11025,10395,10605,11550,12075,10605,4620,3360,11655,11970,1365,1050,3360,3360,3360,3360,4200,10185,12180,3360,12705,11655,12285,11970,3360,11655,11760,12180,11025,11655,11550,4305,3360,10185,11550,12705,3360,11340,10185,12180,10605,11970,3360,12390,10605,11970,12075,11025,11655,11550,4830,1365,1050,1365,1050,3360,3360,3360,3360,8820,10920,11025,12075,3360,11760,11970,11655,10815,11970,10185,11445,3360,11025,12075,3360,10500,11025,12075,12180,11970,11025,10290,12285,12180,10605,10500,3360,11025,11550,3360,12180,10920,10605,3360,10920,11655,11760,10605,3360,12180,10920,10185,12180,3360,11025,12180,3360,12495,11025,11340,11340,3360,10290,10605,3360,12285,12075,10605,10710,12285,11340,4620,1365,1050,3360,3360,3360,3360,10290,12285,12180,3360,9135,7665,8820,7560,8295,8925,8820,3360,6825,8190,9345,3360,9135,6825,8610,8610,6825,8190,8820,9345,6195,3360,12495,11025,12180,10920,11655,12285,12180,3360,10605,12390,10605,11550,3360,12180,10920,10605,3360,11025,11445,11760,11340,11025,10605,10500,3360,12495,10185,11970,11970,10185,11550,12180,12705,3360,11655,10710,1365,1050,3360,3360,3360,3360,8085,7245,8610,7035,7560,6825,8190,8820,6825,6930,7665,7980,7665,8820,9345,3360,11655,11970,3360,7350,7665,8820,8190,7245,8715,8715,3360,7350,8295,8610,3360,6825,3360,8400,6825,8610,8820,7665,7035,8925,7980,6825,8610,3360,8400,8925,8610,8400,8295,8715,7245,4830,3360,3360,8715,10605,10605,3360,12180,10920,10605,1365,1050,3360,3360,3360,3360,7455,8190,8925,3360,7455,10605,11550,10605,11970,10185,11340,3360,8400,12285,10290,11340,11025,10395,3360,7980,11025,10395,10605,11550,12075,10605,3360,10710,11655,11970,3360,11445,11655,11970,10605,3360,10500,10605,12180,10185,11025,11340,12075,4830,1365,1050,1365,1050,3360,3360,3360,3360,9345,11655,12285,3360,12075,10920,11655,12285,11340,10500,3360,10920,10185,12390,10605,3360,11970,10605,10395,10605,11025,12390,10605,10500,3360,10185,3360,10395,11655,11760,12705,3360,11655,10710,3360,12180,10920,10605,3360,7455,8190,8925,3360,7455,10605,11550,10605,11970,10185,11340,3360,8400,12285,10290,11340,11025,10395,3360,7980,11025,10395,10605,11550,12075,10605,3360,10185,11340,11655,11550,10815,1365,1050,3360,3360,3360,3360,12495,11025,12180,10920,3360,12180,10920,11025,12075,3360,11760,11970,11655,10815,11970,10185,11445,6195,3360,11025,10710,3360,11550,11655,12180,4620,3360,12495,11970,11025,12180,10605,3360,12180,11655,3360,12180,10920,10605,3360,7350,11970,10605,10605,3360,8715,11655,10710,12180,12495,10185,11970,10605,3360,7350,11655,12285,11550,10500,10185,12180,11025,11655,11550,4620,3360,7665,11550,10395,4830,4620,1365,1050,3360,3360,3360,3360,5565,5145,3360,7350,11970,10185,11550,11235,11340,11025,11550,3360,8715,12180,11970,10605,10605,12180,4620,3360,7350,11025,10710,12180,10920,3360,7350,11340,11655,11655,11970,4620,3360,6930,11655,12075,12180,11655,11550,4620,3360,8085,6825,3360,5040,5250,5145,5145,5040,4725,5145,5355,5040,5145,3360,8925,8715,6825,4830,1365,1050,1365,1050,6825,11340,12075,11655,3360,10185,10500,10500,3360,11025,11550,10710,11655,11970,11445,10185,12180,11025,11655,11550,3360,11655,11550,3360,10920,11655,12495,3360,12180,11655,3360,10395,11655,11550,12180,10185,10395,12180,3360,12705,11655,12285,3360,10290,12705,3360,10605,11340,10605,10395,12180,11970,11655,11550,11025,10395,3360,10185,11550,10500,3360,11760,10185,11760,10605,11970,3360,11445,10185,11025,11340,4830,1365,1050,1365,1050,7665,10710,3360,12180,10920,10605,3360,11760,11970,11655,10815,11970,10185,11445,3360,11025,12075,3360,11025,11550,12180,10605,11970,10185,10395,12180,11025,12390,10605,4620,3360,11445,10185,11235,10605,3360,11025,12180,3360,11655,12285,12180,11760,12285,12180,3360,10185,3360,12075,10920,11655,11970,12180,3360,11550,11655,12180,11025,10395,10605,3360,11340,11025,11235,10605,3360,12180,10920,11025,12075,1365,1050,12495,10920,10605,11550,3360,11025,12180,3360,12075,12180,10185,11970,12180,12075,3360,11025,11550,3360,10185,11550,3360,11025,11550,12180,10605,11970,10185,10395,12180,11025,12390,10605,3360,11445,11655,10500,10605,6090,1365,1050,1365,1050,3360,3360,3360,3360,7455,11550,11655,11445,11655,12390,11025,12075,11025,11655,11550,3360,12390,10605,11970,12075,11025,11655,11550,3360,5670,5985,4620,3360,7035,11655,11760,12705,11970,11025,10815,10920,12180,3360,4200,7035,4305,3360,12705,10605,10185,11970,3360,11550,10185,11445,10605,3360,11655,10710,3360,10185,12285,12180,10920,11655,11970,1365,1050,3360,3360,3360,3360,7455,11550,11655,11445,11655,12390,11025,12075,11025,11655,11550,3360,10395,11655,11445,10605,12075,3360,12495,11025,12180,10920,3360,6825,6930,8715,8295,7980,8925,8820,7245,7980,9345,3360,8190,8295,3360,9135,6825,8610,8610,6825,8190,8820,9345,6195,3360,10710,11655,11970,3360,10500,10605,12180,10185,11025,11340,12075,3360,12180,12705,11760,10605,3360,10080,12075,10920,11655,12495,3360,12495}).
    This is free software, and you are welcome to redistribute it
    under certain conditions; type `show ctzoNDbFiGghUXlKJMGeMSkKULtWBNtMyXHdRkVblKyfCOtxFoWKvyvuLlOlQZykkwFKPtH({3360,10710,11655,11970,3360,10500,10605,12180,10185,11025,11340,12075,4830,1365,1050,1365,1050,8820,10920,10605,3360,10920,12705,11760,11655,12180,10920,10605,12180,11025,10395,10185,11340,3360,10395,11655,11445,11445,10185,11550,10500,12075,3360,10080,12075,10920,11655,12495,3360,12495}) and `show ctzoNDbFiGghUXlKJMGeMSkKULtWBNtMyXHdRkVblKyfCOtxFoWKvyvuLlOlQZykkwFKPtH({3360,12075,10920,11655,12285,11340,10500,3360,12075,10920,11655,12495,3360,12180,10920,10605,3360,10185,11760,11760,11970,11655,11760,11970,11025,10185,12180,10605,1365,1050,11760,10185,11970,12180,12075,3360,11655,10710,3360,12180,10920,10605,3360,7455,10605,11550,10605,11970,10185,11340,3360,8400,12285,10290,11340,11025,10395,3360,7980,11025,10395,10605,11550,12075,10605,4830,3360,3360,8295,10710,3360,10395,11655,12285,11970,12075,10605,4620,3360,12180,10920,10605,3360,10395,11655,11445,11445,10185,11550,10500,12075,3360,12705,11655,12285,3360,12285,12075,10605,3360,11445,10185,12705,1365,1050,10290,10605,3360,10395,10185,11340,11340,10605,10500,3360,12075,11655,11445,10605,12180,10920,11025,11550,10815,3360,11655,12180,10920,10605,11970,3360,12180,10920,10185,11550,3360,10080,12075,10920,11655,12495,3360,12495}) and `show ctzoNDbFiGghUXlKJMGeMSkKULtWBNtMyXHdRkVblKyfCOtxFoWKvyvuLlOlQZykkwFKPtH({6195,3360,12180,10920,10605,12705,3360,10395,11655,12285,11340,10500,3360,10605,12390,10605,11550,3360,10290,10605,1365,1050,11445,11655,12285,12075,10605,4725,10395,11340,11025,10395,11235,12075,3360,11655,11970,3360,11445,10605,11550,12285,3360,11025,12180,10605,11445,12075,4725,4725,12495,10920,10185,12180,10605,12390,10605,11970,3360,12075,12285,11025,12180,12075,3360,12705,11655,12285,11970,3360,11760,11970,11655,10815,11970,10185,11445,4830,1365,1050,1365,1050,9345,11655,12285,3360,12075,10920,11655,12285,11340,10500,3360,10185,11340,12075,11655,3360,10815,10605,12180,3360,12705,11655,12285,11970,3360,10605,11445,11760,11340,11655,12705,10605,11970,3360,4200,11025,10710,3360,12705,11655,12285,3360,12495,11655,11970,11235,3360,10185,12075,3360,10185,3360,11760,11970,11655,10815,11970,10185,11445,11445,10605,11970,4305,3360,11655,11970,3360,12705,11655,12285,11970,1365,1050,12075,10395,10920,11655,11655,11340,4620,3360,11025,10710,3360,10185,11550,12705,4620,3360,12180,11655,3360,12075,11025,10815,11550,3360,10185,3360})copyright disclaimertzoNDbFiGghUXlKJMGeMSkKULtWBNtMyXHdRkVblKyfCOtxFoWKvyvuLlOlQZykkwFKPtH({3360,10710,11655,11970,3360,12180,10920,10605,3360,11760,11970,11655,10815,11970,10185,11445,4620,3360,11025,10710,1365,1050,11550,10605,10395,10605,12075,12075,10185,11970,12705,4830,3360,3360,7560,10605,11970,10605,3360,11025,12075,3360,10185,3360,12075,10185,11445,11760,11340,10605,6195,3360,10185,11340,12180,10605,11970,3360,12180,10920,10605,3360,11550,10185,11445,10605,12075,6090,1365,1050,1365,1050,3360,3360,9345,11655,12705,11655,10500,12705,11550,10605,4620,3360,7665,11550,10395,4830,4620,3360,10920,10605,11970,10605,10290,12705,3360,10500,11025,12075,10395,11340,10185,11025,11445,12075,3360,10185,11340,11340,3360,10395,11655,11760,12705,11970,11025,10815,10920,12180,3360,11025,11550,12180,10605,11970,10605,12075,12180,3360,11025,11550,3360,12180,10920,10605,3360,11760,11970,11655,10815,11970,10185,11445,1365,1050,3360,3360,10080,7455,11550,11655,11445,11655,12390,11025,12075,11025,11655,11550}) (which makes passes at compilers) written by James Hacker.

  <signature of Ty Coon>, 1 April 1989
  Ty Coon, President of Vice

This General Public License does not permit incorporating your program into
proprietary programs.  If your program is a subroutine library, you may
consider it more useful to permit linking proprietary applications with the
library.  If this is what you want to do, use the GNU Lesser General
Public License instead of this License.    